0,1,2,3,4,5,6,7
0.0,0.17064850470620874,0.01649313148884962,0.0,0.4805569538706321,0.0570377169600913,0.10571572459744527,0.0
0.17064850470620874,0.0,0.020354999959073028,0.19955247496543016,0.0,0.0,0.0,0.2590050296625099
0.01649313148884962,0.020354999959073028,0.0,0.0,0.0,0.0,0.0,0.0
0.0,0.19955247496543016,0.0,0.0,0.0,0.0,0.0,0.11819665197528795
0.4805569538706321,0.0,0.0,0.0,0.0,0.0,0.004144274830534755,0.40642513243879375
0.0570377169600913,0.0,0.0,0.0,0.0,0.0,0.35140271400114215,0.49291773786021875
0.10571572459744527,0.0,0.0,0.0,0.004144274830534755,0.35140271400114215,0.0,0.21755988794188874
0.0,0.2590050296625099,0.0,0.11819665197528795,0.40642513243879375,0.49291773786021875,0.21755988794188874,0.0
