0,1,2,3,4,5,6
0.0,0.42498516887698845,0.29422908787777924,0.20065793096882573,0.21507271949564044,0.23815231367376943,0.4192086489456484
0.42498516887698845,0.0,0.2723858181128642,0.2539472561574377,0.41056791780064467,0.25502283881251736,0.30154211334829667
0.29422908787777924,0.2723858181128642,0.0,0.4008943839320058,0.47662622852257575,0.377189156849769,0.43742802281574295
0.20065793096882573,0.2539472561574377,0.4008943839320058,0.0,0.20037315562952174,0.3292228141743454,0.12779833256845324
0.21507271949564044,0.41056791780064467,0.47662622852257575,0.20037315562952174,0.0,0.30435383657409054,0.0060559080737209725
0.23815231367376943,0.25502283881251736,0.377189156849769,0.3292228141743454,0.30435383657409054,0.0,0.10436462966197624
0.4192086489456484,0.30154211334829667,0.43742802281574295,0.12779833256845324,0.0060559080737209725,0.10436462966197624,0.0
