0,1,2,3,4,5,6,7
0.0,0.0,0.0,0.0,0.0,0.0,0.0,0.0
0.0,0.0,0.47021876763687925,0.16317137669507759,0.0,0.0,0.12684306071356344,0.1876903599746883
0.0,0.47021876763687925,0.0,0.43740398714756207,0.015791334605345986,0.0,0.0,0.0
0.0,0.16317137669507759,0.43740398714756207,0.0,0.0,0.1588778383742483,0.0,0.010262953051970614
0.0,0.0,0.015791334605345986,0.0,0.0,0.32108807058637445,0.08234321857899118,0.0
0.0,0.0,0.0,0.1588778383742483,0.32108807058637445,0.0,0.3273641637760826,0.0
0.0,0.12684306071356344,0.0,0.0,0.08234321857899118,0.3273641637760826,0.0,0.1285265692725432
0.0,0.1876903599746883,0.0,0.010262953051970614,0.0,0.0,0.1285265692725432,0.0
