0,1,2,3,4,5
0.0,0.0,0.19742641316896015,0.13032058781127215,0.3437148846782836,0.05460312584332736
0.0,0.0,0.0,0.15412773101136243,0.11975640927424212,0.01274493369317711
0.19742641316896015,0.0,0.0,0.49698485838783885,0.20627778502298263,0.03706872929771202
0.13032058781127215,0.15412773101136243,0.49698485838783885,0.0,0.3603865881196846,0.45526861510052197
0.3437148846782836,0.11975640927424212,0.20627778502298263,0.3603865881196846,0.0,0.2893407161874337
0.05460312584332736,0.01274493369317711,0.03706872929771202,0.45526861510052197,0.2893407161874337,0.0
